########### array before sorts ###########
0	-79.250000	-26.750000	69.250000	-26.800000	n
1	69.250000	-26.800000	69.250000	28.050000	n
2	-79.250000	-26.750000	-83.476922	-4.457759	n
3	-83.476922	-4.457759	-81.790159	18.168901	n
4	-81.790159	18.168901	-79.100000	28.100000	n
5	69.250000	28.050000	-79.100000	28.100000	n
Tolerance=0.050000.
*Exact match for i=0 and j=1.
*i point -79.250000	-26.750000	69.250000	-26.800000	y
*Exact match for i=1 and j=5.
*i point 69.250000	-26.800000	69.250000	28.050000	y
*Exact match for i=2 and j=4.
*i point 69.250000	28.050000	-79.100000	28.100000	y
	*Before flip 	-81.790159	18.168901	-79.100000	28.100000	y
	*After flip 	-79.100000	28.100000	-81.790159	18.168901	y
*Exact match for i=3 and j=4.
*i point -79.100000	28.100000	-81.790159	18.168901	y
	*Before flip 	-83.476922	-4.457759	-81.790159	18.168901	y
	*After flip 	-81.790159	18.168901	-83.476922	-4.457759	y
*Exact match for i=4 and j=5.
*i point -81.790159	18.168901	-83.476922	-4.457759	y
	*Before flip 	-79.250000	-26.750000	-83.476922	-4.457759	y
	*After flip 	-83.476922	-4.457759	-79.250000	-26.750000	y
########### array after sorts ###########
0	-79.250000	-26.750000	69.250000	-26.800000	y
1	69.250000	-26.800000	69.250000	28.050000	y
2	69.250000	28.050000	-79.100000	28.100000	y
3	-79.100000	28.100000	-81.790159	18.168901	y
4	-81.790159	18.168901	-83.476922	-4.457759	y
5	-83.476922	-4.457759	-79.250000	-26.750000	y
***************
.BOARD_OUTLINE UNOWNED
2.38
0     -79.250000     -26.750000     0
0     69.250000     -26.800000     0
0     69.250000     28.050000     0
0     -79.100000     28.100000     0
0     -81.790159     18.168901     0
0     -83.476922     -4.457759     0
0     -79.250000     -26.750000     0
